1000 0.1 100 3 300 300
50 2 0 0 800
2 25 0 0 5
12 12 0 0 500
22 105 0 0 5
32 35 0 0 5
42 0 0 0 5
52 185 0 0 5
62 225 0 0 5
72 285 0 0 5
82 85 0 0 5
92 67 0 0 5
102 42 0 0 5
112 100 0 0 5
132 2 0 0 5
142 276 0 0 5
152 43 0 0 5
162 90 0 0 5
172 110 0 0 5
180 120 0 0 5
185 130 0 0 5
190 140 0 0 5
195 150 0 0 5
200 160 0 0 5
25 170 0 0 5
275 180 0 0 5
15 190 0 0 5
24 200 0 0 5
0 0 0 0 5
255 15 0 0 5
250 25 0 0 5
202 35 0 0 5
212 45 0 0 5
240 55 0 0 5
235 65 0 0 5
245 75 0 0 5
267 85 0 0 5
287 95 0 0 5
292 105 0 0 5
290 115 0 0 5
295 125 0 0 5
